1

14 14
-1 -1 -1 -1 0 47 0 0 -1 -1 -1 -1 -1 -1 
-1 -1 -1 21 0 45 -1 49 51 0 53 0 57 -1 
-1 -1 0 43 0 19 -1 -1 -1 -1 -1 0 55 0 
0 23 -1 0 -1 0 -1 -1 -1 -1 -1 -1 61 59 
29 27 0 41 17 0 -1 -1 -1 -1 -1 0 63 0 
0 0 25 39 0 35 15 -1 -1 0 97 0 99 0 
-1 31 -1 0 0 0 0 -1 95 -1 -1 0 65 101 
-1 -1 0 33 37 -1 0 13 0 -1 0 89 102 0 
-1 -1 -1 -1 -1 -1 11 77 93 -1 91 0 0 67 
-1 -1 -1 -1 -1 0 0 0 79 0 81 83 0 87 
-1 -1 -1 0 9 -1 -1 75 73 0 71 69 0 0 
-1 -1 7 -1 3 0 -1 0 -1 0 -1 0 -1 85 
-1 -1 -1 0 0 1 -1 -1 -1 -1 -1 -1 -1 -1 
-1 -1 -1 5 -1 -1 -1 -1 -1 -1 -1 -1 -1 -1 
